10.0 10.0
10.0 100.0
100.0 10.0
100.0 100.0
10.0 10.0
100.0 10.0
10.0 100.0
100.0 100.0
10.0 10.0
100.0 10.0
10.0 100.0
100.0 100.0
10.0 10.0
0.0 0.0
100.0 100.0
0.0 100.0
200.0 200.0
200.0 0.0
100.0 -100.0
10.0 10.0
100.0 10.0
0.0 100.0
10.0 10.0
100.0 10.0
10.0 -100.0
100.0 -100.0
10.0 10.0
100.0 10.0
10.0 -100.0
10.0 10.0
100.0 10.0
10.0 -100.0
100.0 -100.0
10.0 -10.0
-100.0 10.0
-100.0 -10.0
10.0 10.0
100.0 10.0
10.0 -100.0
10.0 10.0
100.0 10.0
10.0 -100.0
10.0 10.0
100.0 10.0
10.0 -100.0
10.0 100.0
10.0 10.0
100.0 -100.0
